Processing...
[48 51 52 53 52]
true
[86 87 88 91 91]
true
[22 25 28 31 32 36]
true
[65 66 68 69 71 72 75 82]
true
[39 42 41 44 47]
true
[20 21 22 19 20 22 23 22]
false
[25 26 27 29 31 34 33 33]
false
[54 57 59 61 58 59 60 64]
false
[17 19 20 22 25 26 24 31]
false
[86 88 90 91 92 92 93 95]
true
[23 25 25 28 26]
false
[56 57 59 60 61 61 62 62]
false
[73 75 76 76 79 83]
false
[10 13 16 16 18 21 23 30]
false
[43 45 49 52 55 58 59 61]
false
[69 72 76 77 75]
false
[6 9 11 14 18 18]
false
[72 74 77 81 84 86 87 91]
false
[18 19 22 26 29 32 39]
false
[2 5 8 13 16 17]
false
[67 70 72 79 78]
false
[17 18 23 26 26]
false
[68 70 73 79 82 86]
false
[71 72 73 79 81 86]
false
[14 13 14 17 20 22 25 27]
false
[70 67 70 71 74 71]
false
[84 83 84 87 88 88]
false
[29 27 30 31 32 36]
false
[80 78 79 80 82 87]
false
[45 42 44 46 49 46 47 49]
false
[41 38 39 41 38 41 42 41]
false
[69 66 64 65 65]
false
[87 86 89 91 89 92 96]
false
[30 29 30 32 29 32 37]
false
[83 80 80 83 86 87 89 90]
false
[56 55 55 57 56]
false
[50 47 49 51 51 54 54]
false
[8 7 7 10 11 15]
false
[15 14 14 15 16 18 21 26]
false
[24 21 25 28 31 33 35]
true
[36 34 36 37 41 38]
false
[43 40 44 46 46]
false
[87 84 86 90 94]
false
[34 31 34 36 40 41 48]
false
[57 55 57 60 66 68 71 73]
false
[42 41 46 48 50 49]
false
[48 46 53 56 56]
false
[86 83 85 87 92 96]
false
[67 64 70 72 78]
false
[56 56 57 58 61 63]
true
[54 54 55 57 59 57]
false
[73 73 75 77 79 81 81]
false
[30 30 31 33 36 40]
false
[64 64 65 66 68 70 73 80]
false
[55 55 53 55 58 60 63]
false
[80 80 77 80 83 86 85]
false
[55 55 56 59 58 59 61 61]
false
[31 31 32 30 34]
false
[38 38 37 40 46]
false
[75 75 76 79 81 81 83 86]
false
[70 70 71 71 72 69]
false
[13 13 15 18 18 21 21]
false
[22 22 25 28 28 32]
false
[72 72 75 76 76 83]
false
[65 65 69 72 75 76 77 80]
false
[43 43 46 48 52 51]
false
[21 21 22 24 28 30 30]
false
[55 55 59 61 63 66 69 73]
false
[13 13 16 17 21 27]
false
[61 61 64 66 68 74 76]
false
[73 73 74 79 80 79]
false
[22 22 25 27 30 37 37]
false
[69 69 70 75 79]
false
[80 80 86 89 95]
false
[29 33 35 36 39 42 45]
false
[62 66 69 71 72 75 78 77]
false
[31 35 36 37 38 38]
false
[53 57 60 62 65 68 69 73]
false
[45 49 50 51 53 54 55 61]
false
[37 41 43 41 42 44 47 49]
false
[87 91 93 90 91 93 92]
false
[21 25 26 23 26 28 28]
false
[10 14 13 15 18 21 25]
false
[13 17 20 22 23 20 23 30]
false
[72 76 76 77 78]
false
[19 23 26 26 24]
false
[80 84 84 85 85]
false
[39 43 46 46 50]
false
[9 13 15 16 16 18 24]
false
[81 85 88 90 93 97 98]
false
[37 41 43 47 45]
false
[24 28 32 35 36 39 39]
false
[40 44 45 49 51 52 56]
false
[42 46 50 53 56 63]
false
[4 8 14 16 17 20 22 23]
false
[30 34 40 42 40]
false
[42 46 47 48 50 57 57]
false
[69 73 78 81 85]
false
[41 45 47 53 59]
false
[57 63 64 65 68]
false
[78 83 86 88 90 92 90]
false
[38 43 46 49 50 50]
false
[15 20 21 23 26 29 33]
false
[22 27 29 30 36]
false
[69 74 76 79 82 84 83 86]
false
[7 14 11 14 13]
false
[19 26 25 28 28]
false
[67 74 75 77 76 80]
false
[60 67 68 66 69 71 76]
false
[76 83 85 86 88 88 89]
false
[78 84 84 85 87 90 91 89]
false
[15 21 21 23 25 27 28 28]
false
[63 69 69 71 73 74 78]
false
[57 64 64 65 72]
false
[39 46 47 50 51 55 56 59]
false
[80 86 89 91 95 97 94]
false
[4 11 15 16 16]
false
[5 11 13 17 21]
false
[56 61 64 66 67 71 73 78]
false
[9 14 17 20 27 30 32]
false
[80 86 87 92 91]
false
[64 70 72 75 82 82]
false
[23 30 33 35 42 46]
false
[54 61 64 67 72 79]
false
[90 88 85 84 87]
true
[96 94 92 90 87 84 84]
true
[57 56 54 52 50 49 48 44]
true
[51 49 46 43 42 37]
true
[25 22 19 21 20 17 14 13]
true
[55 53 52 49 51 50 53]
false
[6 4 7 4 4]
false
[20 19 16 17 16 14 10]
false
[79 76 73 70 73 71 65]
false
[94 91 91 88 87 84]
true
[67 65 63 62 59 59 62]
false
[18 16 14 14 11 11]
false
[55 53 51 50 47 46 46 42]
false
[39 37 34 33 33 27]
false
[54 51 47 46 43]
false
[31 30 26 25 26]
false
[43 40 39 35 34 34]
false
[98 97 94 90 89 86 82]
false
[79 78 76 72 70 68 61]
false
[42 41 40 37 34 27 24]
false
[30 28 25 22 15 17]
false
[80 78 76 69 68 67 67]
false
[57 54 49 48 46 42]
false
[82 81 80 74 73 70 68 61]
false
[12 13 11 9 7]
true
[44 46 45 43 45]
false
[75 78 77 75 75]
false
[66 67 64 63 59]
false
[84 85 82 81 78 76 75 70]
false
[57 58 60 58 55 54 53 52]
false
[52 53 54 52 55]
true
[82 85 83 80 81 79 77 77]
false
[25 27 26 23 24 23 20 16]
false
[53 56 53 50 51 46]
false
[87 90 90 87 84 82]
false
[14 17 14 13 13 15]
false
[84 87 86 86 86]
false
[24 26 25 25 23 20 17 13]
false
[26 29 28 27 26 23 23 16]
false
[74 75 71 68 66 64]
true
[96 97 94 91 87 85 87]
false
[56 59 58 54 54]
false
[65 67 66 62 58]
false
[67 70 66 65 63 62 57]
false
[84 86 83 76 73 71]
false
[58 59 56 53 50 45 48]
false
[86 87 82 79 79]
false
[28 31 29 24 20]
false
[84 86 81 80 74]
false
[90 90 89 86 83 80 79]
true
[8 8 7 5 4 3 5]
false
[29 29 28 26 24 23 20 20]
false
[41 41 38 35 34 31 30 26]
false
[54 54 53 50 45]
false
[82 82 79 78 77 79 76]
false
[96 96 93 90 88 89 90]
false
[65 65 64 62 65 64 64]
false
[11 11 13 10 9 8 6 2]
false
[34 34 37 35 30]
false
[8 8 8 7 6 5]
false
[38 38 38 36 37]
false
[16 16 16 14 13 10 10]
false
[16 16 14 14 12 8]
false
[70 70 67 65 65 59]
false
[51 51 50 46 43 41]
false
[45 45 43 39 41]
false
[75 75 73 70 68 67 63 63]
false
[83 83 81 77 75 71]
false
[68 68 64 62 59 52]
false
[99 99 97 92 91 90]
false
[47 47 41 38 41]
false
[66 66 64 62 61 56 56]
false
[94 94 87 84 80]
false
[73 73 71 64 62 60 53]
false
[18 14 13 12 10 9]
false
[84 80 78 76 74 71 69 71]
false
[87 83 82 80 77 74 74]
false
[54 50 47 45 42 40 38 34]
false
[24 20 18 15 9]
false
[60 56 53 55 52]
false
[51 47 46 47 50]
false
[46 42 39 37 38 38]
false
[54 50 48 47 50 46]
false
[77 73 76 74 73 71 69 63]
false
[53 49 47 46 45 45 44]
false
[19 15 13 13 11 8 6 7]
false
[46 42 40 40 39 36 36]
false
[96 92 92 91 87]
false
[27 23 23 22 19 14]
false
[93 89 87 84 83 79 76 75]
false
[62 58 57 54 50 53]
false
[98 94 91 87 86 86]
false
[74 70 67 63 60 56]
false
[82 78 75 71 69 68 65 59]
false
[51 47 45 44 37 36]
false
[72 68 66 60 59 60]
false
[62 58 57 52 50 50]
false
[35 31 24 21 17]
false
[72 68 65 62 57 52]
false
[94 87 86 84 83 82]
false
[99 94 91 90 88 86 87]
false
[40 35 32 31 30 30]
false
[95 90 88 87 83]
false
[90 84 81 78 76 74 71 66]
false
[62 57 56 58 57 56 53]
false
[29 23 24 22 25]
false
[87 81 78 79 79]
false
[16 9 8 9 8 4]
false
[23 16 19 16 14 13 7]
false
[80 73 70 67 67 65]
false
[88 81 79 77 75 75 78]
false
[25 19 19 18 16 16]
false
[76 69 68 67 66 66 64 60]
false
[26 19 18 17 17 10]
false
[26 21 19 15 13]
false
[47 40 36 35 37]
false
[92 87 83 81 79 77 76 76]
false
[42 35 34 30 28 27 23]
false
[31 24 21 17 16 13 11 6]
false
[73 67 66 63 61 59 53 52]
false
[58 52 50 45 44 46]
false
[31 24 17 14 11 11]
false
[32 26 21 20 17 14 10]
false
[45 40 34 33 31 28 21]
false
[61 62 64 67 70 72 70]
true
[29 30 32 34 34]
true
[89 90 92 93 97]
true
[26 28 31 32 35 42]
true
[88 90 87 88 91 93 96 99]
false
[68 71 74 76 77 74 71]
false
[83 85 84 85 85]
false
[57 58 59 57 61]
true
[27 30 32 35 33 34 37 44]
false
[59 60 63 63 66 67]
true
[76 78 79 82 84 84 85 82]
false
[44 47 50 50 53 54 55 55]
false
[23 25 25 28 32]
false
[11 14 17 17 20 27]
false
[49 51 54 55 56 60 63]
false
[52 55 57 61 60]
true
[35 36 38 42 44 44]
false
[9 11 15 18 19 21 25]
false
[78 81 82 86 89 95]
false
[54 56 61 63 66 69]
false
[86 89 96 99 96]
false
[31 34 35 37 38 44 45 45]
false
[70 71 76 78 81 82 83 87]
false
[29 31 33 38 39 40 41 48]
false
[68 66 68 69 70]
false
[84 81 82 84 87 89 87]
false
[72 70 72 75 75]
false
[18 15 17 18 22]
false
[8 7 10 12 13 16 19 24]
false
[7 6 9 6 7]
false
[61 58 60 63 61 63 62]
false
[52 49 52 55 56 54 56 56]
false
[77 76 77 79 76 78 82]
false
[72 69 66 67 74]
false
[35 34 35 37 37 38]
false
[59 58 58 59 56]
false
[51 49 49 52 52]
false
[49 48 48 51 54 56 60]
false
[41 40 42 43 43 46 49 56]
false
[81 79 83 85 86 89 90]
true
[93 92 96 97 99 97]
false
[35 32 33 34 38 38]
false
[4 2 3 7 8 11 14 18]
false
[45 42 46 47 50 57]
false
[56 53 54 57 64 65]
false
[67 66 68 69 72 79 82 80]
false
[45 44 47 50 52 59 61 61]
false
[14 13 20 23 27]
false
[51 49 50 53 54 60 62 69]
false
[80 80 82 84 87]
true
[71 71 73 75 76 79 81 78]
false
[39 39 42 45 45]
false
[68 68 70 73 74 78]
false
[68 68 70 72 79]
false
[89 89 88 91 92 93]
false
[89 89 90 87 89 91 94 92]
false
[21 21 22 24 22 23 24 24]
false
[46 46 47 44 45 48 50 54]
false
[17 17 15 16 17 23]
false
[79 79 79 82 83 85]
false
[44 44 46 46 47 48 45]
false
[96 96 96 98 98]
false
[3 3 3 6 8 12]
false
[5 5 8 8 11 14 21]
false
[78 78 81 85 88 90]
false
[3 3 7 10 12 15 13]
false
[15 15 19 20 22 23 26 26]
false
[9 9 10 14 17 21]
false
[13 13 17 18 19 25]
false
[14 14 19 20 21]
false
[86 86 91 94 95 93]
false
[57 57 58 63 63]
false
[1 1 4 7 12 15 16 20]
false
[60 60 63 66 71 76]
false
[9 13 16 19 21 24]
false
[52 56 58 61 63 64 62]
false
[77 81 84 86 89 89]
false
[9 13 14 17 20 21 25]
false
[60 64 65 67 68 69 70 76]
false
[30 34 33 36 39 42 45 46]
true
[88 92 93 96 95 94]
false
[1 5 4 5 6 6]
false
[57 61 63 66 69 71 68 72]
false
[51 55 53 54 61]
false
[20 24 25 25 28 31 34 37]
false
[66 70 70 72 70]
false
[91 95 96 96 96]
false
[53 57 59 62 64 64 68]
false
[4 8 10 10 12 19]
false
[43 47 51 53 55 58]
false
[49 53 55 56 60 61 64 62]
false
[28 32 36 39 39]
false
[79 83 84 88 90 94]
false
[48 52 54 56 60 66]
false
[71 75 76 81 82]
false
[39 43 50 52 50]
false
[39 43 44 50 53 56 59 59]
false
[40 44 46 47 50 56 60]
false
[42 46 49 55 60]
false
[21 27 29 31 32 33 34]
false
[27 32 33 36 37 34]
false
[68 75 76 78 78]
false
[3 10 11 14 17 18 19 23]
false
[5 10 11 13 16 22]
false
[17 24 26 28 30 32 30 31]
false
[30 36 37 35 34]
false
[34 40 38 40 40]
false
[84 90 91 93 94 92 96]
false
[1 6 3 4 7 8 10 16]
false
[58 63 66 68 70 73 73 74]
false
[61 68 68 70 71 70]
false
[3 10 12 12 13 13]
false
[8 14 16 16 17 20 21 25]
false
[76 82 85 85 86 92]
false
[3 8 10 13 14 15 19 21]
false
[47 52 53 56 60 58]
false
[85 91 92 93 94 98 99 99]
false
[74 80 81 82 83 87 90 94]
false
[77 83 87 89 90 95]
false
[54 59 61 63 66 73 74 77]
false
[41 48 49 56 54]
false
[68 74 77 80 87 87]
false
[13 18 24 26 30]
false
[15 20 23 26 33 36 43]
false
[40 38 35 32 30 28 30]
true
[56 53 52 50 47 45 42 42]
true
[93 92 91 90 89 85]
true
[22 19 16 14 12 9 4]
true
[40 37 34 33 31 32 30 28]
true
[37 34 35 33 31 32]
false
[61 58 61 60 57 57]
false
[19 17 14 11 13 11 8 4]
false
[85 84 81 80 83 81 79 74]
false
[17 15 15 13 12 11 10 9]
true
[76 74 73 73 71 68 69]
false
[22 20 18 17 17 14 11 11]
false
[75 73 71 71 67]
false
[94 91 90 90 87 86 84 77]
false
[29 26 22 20 19]
false
[62 61 59 58 56 52 55]
true
[75 73 70 68 64 64]
false
[23 20 17 13 12 8]
false
[79 76 75 72 70 66 59]
false
[39 36 34 31 24 21]
false
[36 35 34 28 25 22 25]
false
[80 78 77 76 73 68 68]
false
[22 19 17 15 10 8 4]
false
[80 78 76 71 68 67 61]
false
[81 83 82 79 77 75 74 71]
false
[27 30 28 25 22 19 18 19]
false
[16 18 16 15 14 12 12]
false
[51 53 50 48 44]
false
[51 54 52 49 43]
false
[15 16 14 17 15 13 11 8]
false
[68 69 72 71 68 67 70]
false
[19 22 23 21 20 20]
false
[16 18 16 19 16 12]
false
[38 40 38 35 36 33 30 23]
false
[76 78 75 74 74 71 68]
false
[19 21 21 19 16 14 17]
false
[59 60 60 59 58 58]
false
[33 35 33 31 31 28 26 22]
false
[32 35 35 33 27]
false
[57 58 54 52 49 46 43 40]
true
[34 35 34 30 29 26 28]
false
[52 55 52 48 48]
false
[49 50 48 45 44 40 38 34]
false
[40 42 39 37 35 31 30 23]
false
[74 75 73 70 67 64 58 55]
false
[15 18 16 11 9 10]
false
[36 37 36 34 32 31 25 25]
false
[81 82 80 73 69]
false
[89 91 88 86 79 76 69]
false
[20 20 17 16 15]
true
[85 85 84 82 81 78 79]
false
[63 63 62 60 59 59]
false
[87 87 84 81 77]
false
[36 36 35 33 32 31 25]
false
[62 62 64 61 60 57 55]
false
[58 58 55 58 61]
false
[36 36 35 32 35 35]
false
[36 36 34 32 33 29]
false
[93 93 92 93 87]
false
[33 33 30 30 27]
false
[88 88 87 86 86 87]
false
[95 95 92 92 92]
false
[35 35 35 32 28]
false
[59 59 56 56 49]
false
[69 69 67 63 62 61]
false
[14 14 10 9 7 6 3 5]
false
[72 72 70 69 65 64 64]
false
[73 73 72 69 65 62 61 57]
false
[47 47 46 42 36]
false
[65 65 64 61 58 52 50]
false
[37 37 30 28 26 28]
false
[89 89 87 82 82]
false
[19 19 17 14 7 6 2]
false
[24 24 22 21 15 8]
false
[44 40 39 38 35]
false
[72 68 65 64 67]
false
[46 42 39 38 36 33 32 32]
false
[88 84 81 80 78 77 73]
false
[90 86 83 80 79 76 70]
false
[49 45 42 39 41 40]
false
[95 91 90 91 92]
false
[34 30 31 30 27 27]
false
[46 42 41 44 41 40 36]
false
[84 80 77 78 73]
false
[29 25 25 22 21 20 19 16]
false
[79 75 75 73 71 74]
false
[64 60 58 55 55 54 51 51]
false
[83 79 77 74 74 72 71 67]
false
[86 82 79 79 77 75 69]
false
[44 40 36 33 30 28 27]
false
[52 48 47 43 40 43]
false
[38 34 30 27 25 25]
false
[40 36 33 29 26 22]
false
[67 63 61 59 55 49]
false
[94 90 87 82 79 78 75]
false
[48 44 42 37 35 34 37]
false
[61 57 54 47 45 45]
false
[94 90 87 82 78]
false
[60 56 53 50 43 38]
false
[88 81 78 75 74 71]
false
[98 91 90 89 88 91]
false
[92 85 83 81 79 77 74 74]
false
[30 23 20 19 17 13]
false
[37 32 30 27 25 24 19]
false
[66 59 57 56 57 55 54]
false
[90 84 83 86 85 83 84]
false
[16 10 9 12 11 10 10]
false
[68 63 60 57 58 55 51]
false
[91 86 83 84 79]
false
[36 29 29 27 26]
false
[49 44 44 42 44]
false
[87 82 79 76 76 73 73]
false
[48 41 38 38 36 33 32 28]
false
[23 17 14 13 10 10 4]
false
[80 74 70 68 65]
false
[64 58 57 53 52 51 52]
false
[25 20 17 14 13 9 8 8]
false
[47 40 37 33 32 28]
false
[76 69 65 64 63 60 57 52]
false
[40 35 34 27 26 23 22]
false
[24 19 18 15 12 6 8]
false
[73 66 64 61 58 51 51]
false
[98 91 86 84 82 81 77]
false
[68 62 61 54 51 48 41]
false
[24 28 32 33 35 38 40 40]
false
[10 10 12 10 13 16]
false
[95 92 90 86 84 82 80 81]
false
[33 37 40 44 42]
false
[83 80 78 77 73 70]
false
[65 71 72 75 76 79 80 85]
false
[11 6 4 3 2 1]
false
[62 66 69 70 73 75]
false
[57 60 62 69 70 73 74 80]
false
[58 61 58 54 54]
false
[92 93 92 89 87 86 86]
false
[28 32 36 37 40 44]
false
[38 40 40 42 40]
false
[83 77 76 73 68 66 63 60]
false
[40 41 44 46 48 48]
true
[91 87 84 87 85 85]
false
[1 1 8 10 8]
false
[9 9 10 14 16 21]
false
[91 92 93 96 97 94 95 95]
false
[45 42 45 47 50 54]
false
[45 50 51 52 53 55 58 56]
false
[26 23 27 28 31 33 35 35]
false
[86 89 88 87 86 84 77]
false
[22 22 24 25 26 29 30 36]
false
[33 34 38 39 40 41 42 41]
false
[45 44 45 47 47 49 50 50]
false
[42 39 38 34 33 31 25]
false
[11 10 9 7 2 1 1]
false
[18 17 16 10 9 7]
false
[51 46 42 39 38 37 34]
false
[42 43 43 41 34]
false
[44 42 46 49 47]
false
[28 24 21 19 20 17 11]
false
[11 15 17 20 20 25]
false
[78 72 69 63 62 61 60 60]
false
[40 44 47 49 50 50 53]
false
[17 22 25 28 32 29]
false
[38 34 33 33 34]
false
[80 78 76 76 76]
false
[69 65 64 59 56 55 55]
false
[3 8 10 12 15 19 21 21]
false
[4 1 1 3 5 7 8 11]
false
[97 97 96 93 91 88 85 82]
true
[26 27 34 35 33]
false
[57 57 58 61 63 70 72 76]
false
[20 22 20 21 20 17 16 16]
false
[59 63 61 62 64 67 68 72]
false
[37 39 37 39 42 44 46 47]
false
[39 33 32 29 28 24 24]
false
[52 46 43 42 39 36 38 38]
false
[76 73 72 71 73]
true
[44 41 44 47 51 52 57]
false
[46 43 40 37 31]
true
[52 52 52 54 60]
false
[24 31 32 32 34 35]
false
[20 20 23 26 27 27 29 31]
false
[41 43 44 46 49 53]
true
[13 19 19 22 25 31]
false
[62 58 57 55 53 56 57]
false
[53 51 54 54 58]
false
[79 75 71 69 69]
false
[33 33 31 29 28 25 22 22]
false
[84 80 73 70 68 67 65 61]
false
[42 40 41 43 49 50 52 53]
false
[23 23 25 27 29 31 33]
true
[21 22 18 16 14 8]
false
[97 93 92 93 91 90]
false
[78 82 88 90 90]
false
[58 52 49 51 48 47 40]
false
[75 75 78 76 71]
false
[29 28 26 24 18 16 14 7]
false
[51 55 52 54 59]
false
[23 26 21 19 22]
false
[36 36 36 37 39 37]
false
[76 70 69 69 66 65 63]
false
[65 69 71 72 73 72 72]
false
[41 41 40 34 32 30 24]
false
[48 44 41 39 37]
false
[85 83 86 89 90 90]
false
[73 79 82 83 86 88 91 95]
false
[2 7 8 12 14 17 19 21]
false
[5 5 6 8 9 12 12]
false
[63 63 64 71 74 77 77]
false
[18 16 18 19 25 27 29 34]
false
[77 77 74 73 70 68 70]
false
[7 11 16 19 16]
false
[27 26 33 36 37 37]
false
[44 42 41 39 41 38]
true
[94 95 94 93 86 85 83]
false
[77 77 78 75 78 78]
false
[83 79 78 78 75]
false
[30 32 31 25 22 21 20 14]
false
[13 16 15 13 10 6]
false
[17 21 23 26 32 33]
false
[48 52 49 50 53]
true
[92 89 87 84 82 81 81]
true
[68 64 62 56 54 51 54]
false
[41 43 40 37 35]
true
[34 30 29 27 30 26]
false
[31 28 29 28 30 35]
false
[22 24 25 26 28 29 32 31]
true
[62 65 61 58 55 53 49]
false
[67 74 78 80 82 85 88 93]
false
[23 21 22 24 24 23]
false
[93 90 88 85 85 83 78]
false
[56 62 61 64 65 70]
false
[54 61 62 63 65 68 66 66]
false
[84 81 80 76 75 72 69 65]
false
[71 71 70 67 68 68]
false
[33 33 35 38 41 45 48 49]
false
[32 29 35 36 37 40 37]
false
[52 58 61 62 62 60]
false
[21 18 18 21 26]
false
[81 81 83 87 87]
false
[79 79 78 79 82 83 86 84]
false
[94 94 91 88 87 85 82 75]
false
[92 88 87 85 83 81 78 78]
false
[30 30 28 27 26 26 23 26]
false
[40 36 32 30 29]
false
[59 59 62 65 65 66 66]
false
[39 46 49 50 50 50]
false
[13 13 13 11 8]
false
[1 3 6 7 10 7 10 14]
false
[76 77 74 71 71 68 70]
false
[30 27 29 26 28]
false
[95 95 94 90 86]
false
[35 36 34 32 29 24 22 18]
false
[24 27 28 31 34 36 35 34]
false
[46 46 48 47 54]
false
[81 74 74 73 72 68]
false
[54 52 53 57 59 60 63 66]
false
[41 39 42 41 37]
false
[31 29 32 30 32 32]
false
[77 73 70 63 58]
false
[19 16 18 23 26 30]
false
[15 18 19 17 20 26]
false
[26 30 32 36 37]
false
[44 43 46 48 47 51]
false
[78 80 83 84 85 92]
true
[4 9 11 12 13 15 17]
false
[60 61 63 67 70 72 72]
false
[41 37 36 36 32]
false
[43 41 39 37 35 30 32]
true
[21 25 26 31 35]
false
[21 22 23 24 31 31]
false
[81 86 93 96 95]
false
[89 89 92 95 99 98]
false
[63 62 65 63 65 67 66]
false
[68 62 59 60 59 56 53 49]
false
[26 27 25 22 19 13 12 12]
false
[86 89 88 84 82 80]
false
[19 19 20 27 30 32 37]
false
[56 59 61 63 63 65 68 72]
false
[64 71 74 73 74 76 79 83]
false
[17 11 9 7 6 1 4]
false
[25 19 18 16 14 12 8 2]
false
[85 81 78 77 73]
false
[25 25 23 21 17 20]
false
[52 51 49 47 44 42 38]
true
[60 56 53 53 52 52]
false
[21 23 25 23 20 23]
false
[21 21 18 14 12 10 7]
false
[24 26 24 21 18 18 15 14]
false
[73 68 66 64 62 58]
false
[46 49 56 58 60 62 66]
false
[47 54 56 58 58]
false
[33 33 32 35 31]
false
[91 86 84 83 81 84]
false
[6 8 9 10 12 18 21 22]
false
[57 53 52 49 44]
false
[82 78 77 77 70]
false
[42 43 42 42 38]
false
[67 65 64 62 60]
true
[91 93 94 95 97 99]
true
[85 86 87 88 91 94]
true
[36 34 32 31 28 25]
true
[23 22 20 18 16 13 10 7]
true
[88 91 94 96 97]
true
[92 93 95 96 97]
true
[23 24 26 29 32 35]
true
[94 91 89 88 86]
true
[45 44 41 40 37 36 34 32]
true
[98 95 92 89 86 84]
true
[74 71 69 68 65 64 63 60]
true
[24 26 27 29 30 31]
true
[23 20 18 17 16 15 13 11]
true
[92 91 89 88 85 83 81 80]
true
[86 89 91 94 96]
true
[37 36 34 33 32 31]
true
[10 12 15 17 19 22 23]
true
[55 53 50 47 46 43 42]
true
[22 19 16 13 12 10 8 7]
true
[36 38 41 44 45 48]
true
[39 37 36 34 32]
true
[78 80 81 82 85 87 89]
true
[57 58 59 60 63]
true
[72 69 67 66 64]
true
[71 74 76 77 80 81 83 86]
true
[39 40 43 44 47 48 51]
true
[38 37 34 31 29 26 25 23]
true
[4 7 9 10 12]
true
[30 28 26 25 24 22 21]
true
[24 25 28 30 31 32]
true
[49 47 46 44 43 41 40]
true
[45 48 49 50 51 52 54]
true
[43 45 48 49 50 53 55]
true
[64 61 59 57 55 54 52 51]
true
[40 41 42 45 47 50 51 52]
true
[43 41 39 37 36 34]
true
[69 68 65 64 61 60]
true
[4 7 9 12 13]
true
[35 34 33 32 30 28 25]
true
[55 54 53 51 48]
true
[59 61 62 65 66 67 70 71]
true
[81 80 77 76 75 72]
true
[86 85 83 80 78 76 75 73]
true
[94 92 91 89 88]
true
[95 93 92 90 88 85 82 80]
true
[73 75 77 78 79]
true
[43 41 38 37 35 34 32]
true
[15 16 17 20 21 24]
true
[28 27 24 23 20 17 14]
true
[60 57 54 53 50 47 44]
true
[74 72 70 68 66 63 60]
true
[60 61 63 64 67 70 72 73]
true
[77 78 79 82 85 87]
true
[24 21 20 18 17 16 14]
true
[35 34 33 31 28 27]
true
[29 28 26 25 23]
true
[29 31 32 33 36 37 40 42]
true
[59 62 65 67 69]
true
[70 68 65 63 61 58]
true
[66 69 72 75 77 78 79 81]
true
[97 95 93 92 91]
true
[46 45 44 42 39 37 36 35]
true
[46 44 43 41 38 35]
true
[17 14 13 12 9 6 5]
true
[6 9 10 12 13]
true
[27 24 23 22 19 17 16 15]
true
[78 76 75 72 69 66 65]
true
[11 10 8 7 5]
true
[66 68 69 70 71 73 74]
true
[82 80 79 78 75 72 71 68]
true
[99 96 94 91 89]
true
[57 55 53 51 48 46 43 42]
true
[10 11 13 16 19]
true
[37 40 41 43 46 48 51]
true
[5 6 7 8 9 12]
true
[83 84 87 88 91 94 96 98]
true
[76 75 74 72 71 69 68]
true
[11 14 16 17 20]
true
[48 47 45 42 41 39 37 34]
true
[11 14 15 17 18 19]
true
[64 61 59 56 53 51 50]
true
[68 66 63 62 61]
true
[24 26 27 30 31 34 37 38]
true
[71 73 75 78 80 82 85]
true
[37 39 40 41 42 44 45 48]
true
[22 23 25 26 28 31 32]
true
[37 34 32 31 28]
true
[26 27 30 32 33]
true
[43 44 47 49 52 54 55]
true
[49 46 45 44 43 42]
true
[94 92 91 89 86 83 82]
true
[31 32 34 35 36 37 40 43]
true
[95 94 91 90 88 86 85]
true
[31 33 36 37 40 43 44 45]
true
[75 72 71 70 69]
true
[78 75 72 71 69 66 65 64]
true
[53 51 48 46 44 43]
true
[64 63 62 60 59]
true
[39 42 45 48 49 52 55 56]
true
[91 88 86 84 82 80]
true
[12 15 18 20 21 22 25 26]
true
[41 39 38 37 35 33 31 30]
true
[44 41 40 39 36]
true
[14 16 19 22 25]
true
[56 57 59 62 64]
true
[99 97 95 94 92 91 89 87]
true
[83 81 79 77 76 73]
true
[52 54 56 58 59 61 63]
true
[47 49 51 52 54 55 58]
true
[18 21 22 23 26 27 28 29]
true
[39 41 43 45 46 48 50]
true
[44 43 42 41 38 36]
true
[76 73 70 68 66 63 62]
true
[37 34 32 31 28 25]
true
[40 38 37 34 32 29]
true
[58 55 53 50 48 46]
true
[39 36 33 32 30 27]
true
[43 44 45 47 48]
true
[23 26 27 29 32 33 34]
true
[90 87 85 83 81 80 78]
true
[19 20 21 23 24 27]
true
[76 75 73 72 71]
true
[83 82 79 77 75 73 72]
true
[19 17 15 13 11]
true
[72 70 69 68 65 63 60]
true
[56 54 51 48 46 44]
true
[52 51 48 46 43 40]
true
[33 32 31 28 27 24 21]
true
[11 10 8 6 5]
true
[92 89 87 86 84 81 79]
true
[86 87 89 91 93 95]
true
[59 61 64 67 68 69 72 75]
true
[28 31 32 35 36 39 41]
true
[86 89 90 93 94 96]
true
[76 79 82 83 86 87 88]
true
[29 27 26 23 21 20]
true
[51 53 54 56 58 61 62 65]
true
[77 78 81 83 84 87 88]
true
[38 40 41 42 44 47]
true
[47 45 44 43 41]
true
[56 59 62 64 67 70 71]
true
[9 11 14 16 19 20]
true
[29 28 27 24 21 20]
true
[30 27 25 23 20 19 16 13]
true
[84 83 82 79 77]
true
[46 49 50 53 54 55 56]
true
[21 24 25 27 29 32 33]
true
[14 15 16 18 20]
true
[85 82 79 78 77 76 75 73]
true
[63 60 59 57 55]
true
[32 34 37 40 41 44 45 48]
true
[53 56 58 59 61]
true
[12 11 9 8 5 4 3]
true
[84 81 78 77 76 75 73 72]
true
[44 43 42 39 37]
true
[76 73 70 68 67]
true
[86 89 91 93 94 97 99]
true
[77 80 81 82 85]
true
[19 16 13 11 9 8 5]
true
[19 22 24 27 30]
true
[18 20 23 24 26]
true
[64 66 68 69 72 74 77 78]
true
[78 75 73 72 70 67 65 64]
true
[37 38 41 43 46 48]
true
[36 35 34 31 28 26 24 21]
true
[27 30 31 34 35 37 39 41]
true
[80 83 84 86 89]
true
[61 64 66 69 70]
true
[50 53 54 57 60 61 62 63]
true
[57 60 63 66 69 70 73]
true
[60 57 54 52 49 48 45 43]
true
[48 46 43 41 39 37 35 33]
true
[21 22 23 24 26]
true
[64 65 68 69 71 74]
true
[46 49 50 51 52 54 56]
true
[20 18 16 15 14 13 11 9]
true
[34 32 29 27 24 21 18 15]
true
[16 14 12 11 10]
true
[18 19 22 24 25]
true
[53 51 48 46 44 42 39]
true
[77 74 72 69 68 66 65]
true
[25 22 21 20 17 14 13]
true
[33 30 28 27 25 22 19 17]
true
[29 28 26 23 21]
true
[40 39 38 36 33 32]
true
[63 60 57 54 52 49 47 45]
true
[84 85 86 89 91 93 96 99]
true
[20 23 24 25 28]
true
[6 8 9 12 14 16]
true
[52 53 56 59 62 65 66]
true
[51 54 57 58 61 63 65]
true
[36 34 33 31 29 28 27]
true
[61 62 65 66 69 70 71 74]
true
[25 26 29 31 34 37 40 42]
true
[48 47 46 44 41 40]
true
[31 34 37 39 42 43 46 48]
true
[95 93 91 88 85 83 80 77]
true
[75 72 70 68 67 66]
true
[15 18 21 22 23 26 29 30]
true
[94 93 90 89 88 87 84 82]
true
[36 34 33 31 29 26]
true
[65 64 63 60 59]
true
[12 14 17 19 22 25 28 30]
true
[20 18 15 13 11 8 7 4]
true
[11 13 15 16 19]
true
[71 69 66 65 64 61]
true
[61 62 65 67 70 73 74 76]
true
[51 49 46 45 43]
true
[61 59 58 56 53 50 48]
true
[29 31 33 36 39 42 45 47]
true
[74 76 79 82 84 86]
true
[93 90 87 84 83 82 81]
true
[70 72 74 77 79 80 81 83]
true
[89 90 93 95 98]
true
[41 42 44 46 48 50 53 54]
true
[31 29 26 24 23 20 19]
true
[33 30 29 27 25 22]
true
[82 83 86 87 88 89 90]
true
[38 40 41 43 44]
true
[71 68 65 62 61 58]
true
[88 86 83 82 80 77]
true
[80 82 84 87 89 90]
true
[15 12 9 8 6 3]
true
[67 64 62 59 56]
true
[52 54 55 57 59]
true
[9 8 5 4 3 1]
true
[23 26 28 31 32 35 36]
true
[44 47 48 49 52 55 57]
true
[14 16 17 18 21 24]
true
[38 41 43 45 47 48]
true
[89 88 87 86 85 82]
true
[97 96 93 91 90 88 87]
true
[18 15 12 9 7 5]
true
[45 46 48 51 54 56 59 61]
true
[95 92 90 88 85 82]
true
[96 95 93 92 91 89 86]
true
[33 34 36 37 38]
true
[16 19 21 24 27 29]
true
[74 72 69 66 65 64 62]
true
[27 25 23 21 20 17]
true
[64 66 68 69 70 72 73 75]
true
[6 9 12 15 16 19 22]
true
[14 11 8 5 4 3 2]
true
[47 50 53 56 57 60 63]
true
[81 84 86 89 90]
true
[36 37 38 41 43 44]
true
[45 42 40 39 36 35 33 31]
true
[49 46 45 42 41 38]
true
[59 57 54 52 49 46 44]
true
[25 23 22 19 16]
true
[43 44 45 48 51]
true
[6 9 11 13 16]
true
[75 74 71 69 68 67 64]
true
[59 56 55 52 51]
true
[70 72 75 78 79]
true
[33 31 28 26 23 22 21]
true
[38 41 44 47 49]
true
[26 23 21 20 19]
true
[8 9 12 14 16 19 22]
true
[54 55 57 59 61]
true
[16 18 19 21 23 25]
true
[82 79 78 76 75 73 71 68]
true
[38 39 40 41 44]
true
[96 95 93 92 91 88 87]
true
[24 27 30 33 35 37 38]
true
[47 50 53 55 57 59 61]
true
[22 19 16 13 12 9]
true
[35 37 38 41 42 43]
true
[3 6 9 10 12 15 18]
true
[37 40 41 44 45]
true
[48 51 54 56 59 60 61 62]
true
[42 41 38 37 36 34 31 28]
true
[97 96 93 90 88 87]
true
[47 45 43 42 39 38]
true
[18 15 13 12 9 8 6]
true
[81 83 86 88 89 90 92 94]
true
[32 29 26 24 21 19 16 13]
true
[68 67 66 65 62 61 58 56]
true
[44 43 40 37 35 34 33]
true
[57 56 55 53 50 47 45]
true
[18 15 13 10 8 6]
true
[87 85 82 80 77 75]
true
[58 56 54 53 52 49 48]
true
[51 52 55 57 58 60]
true
[17 16 15 13 11 8]
true
[27 29 32 35 38 39 40 43]
true
[38 40 42 45 48 50 52 53]
true
[62 63 66 68 70]
true
[92 91 90 88 85 82 81 80]
true
[3 6 9 12 14]
true
[75 78 81 84 87 90]
true
[48 45 42 41 40 39]
true
[72 73 74 75 76 78 79]
true
[50 52 55 56 59 62]
true
[83 81 80 78 75 73 71 68]
true
[30 33 34 37 40 42]
true
[43 46 48 50 51 52]
true
[30 28 27 24 22 19]
true
[56 54 51 50 48 46 43 40]
true
[29 30 32 35 37 38 39 40]
true
[74 73 72 70 68 67]
true
[80 78 77 75 73]
true
[21 18 15 12 9 7 6]
true
[42 43 44 46 48 50 51]
true
[35 32 31 28 25 22]
true
[69 71 72 75 77]
true
[79 76 75 73 72 70 68]
true
[53 54 56 59 61 64 65]
true
[42 39 37 36 35]
true
[22 25 28 31 33]
true
[20 18 15 13 12 11 9]
true
[34 36 39 40 42 43 46 49]
true
[17 19 20 23 25 27 30]
true
[30 33 35 36 39 42 44]
true
[26 24 21 20 17 15]
true
[44 42 40 39 37]
true
[70 71 72 74 77 79 82]
true
[45 42 40 39 38 35 32 30]
true
[17 18 19 20 23 25 28 30]
true
[89 92 95 97 99]
true
[94 93 90 88 85 83]
true
[62 65 67 70 71 73]
true
[79 76 75 73 71 70]
true
[17 15 13 12 9 6 4]
true
[74 71 68 66 64 63 60]
true
[41 40 37 35 32 30 27 25]
true
[19 22 25 26 27]
true
[38 41 42 45 48 51]
true
[94 92 89 86 83 80]
true
[46 49 50 52 55 56 57]
true
[78 75 74 73 71 70 68]
true
Count:  383
